wind/current.json
{"header": { "parameterCategory": 2, "parameterUnit": "m.s-1", "refTime": "2025-09-21T09:38:46.000Z", "lo1": -25, "la1": 72, "lo2": 45, "la2": 34, "nx": 71, "ny": 39, "dx": 1, "dy": 1, "scanMode": 0, "parameterNumber": 2 }, "data":
[rows 0 to 33 of 39, columns 0 to 70 of 71]
0.807,0.934,1.054,1.164,1.262,1.35,1.424,1.486,1.533,1.566,1.584,1.587,1.575,1.548,1.507,1.451,1.382,1.3,1.206,1.101,0.985,0.861,0.729,0.59,0.446,0.299,0.15,0,-0.149,-0.296,-0.439,-0.576,-0.707,-0.83,-0.944,-1.048,-1.14,-1.22,-1.287,-1.34,-1.379,-1.403,-1.412,-1.407,-1.386,-1.351,-1.301,-1.238,-1.161,-1.072,-0.971,-0.859,-0.739,-0.609,-0.473,-0.332,-0.186,-0.037,0.113,0.262,0.41,0.555,0.695,0.829,0.955,1.073,1.181,1.278,1.363,1.436,1.494
0.74,0.868,0.987,1.097,1.196,1.283,1.358,1.419,1.466,1.499,1.517,1.52,1.508,1.482,1.44,1.385,1.316,1.234,1.14,1.034,0.919,0.794,0.662,0.523,0.38,0.233,0.083,-0.067,-0.216,-0.362,-0.505,-0.643,-0.774,-0.897,-1.011,-1.114,-1.206,-1.286,-1.353,-1.406,-1.445,-1.47,-1.479,-1.473,-1.453,-1.417,-1.368,-1.304,-1.227,-1.138,-1.037,-0.926,-0.805,-0.676,-0.54,-0.398,-0.252,-0.104,0.046,0.196,0.344,0.488,0.628,0.762,0.889,1.006,1.114,1.211,1.297,1.369,1.428
0.673,0.801,0.921,1.03,1.129,1.217,1.291,1.352,1.4,1.432,1.451,1.454,1.442,1.415,1.374,1.318,1.249,1.167,1.073,0.967,0.852,0.728,0.595,0.457,0.313,0.166,0.017,-0.133,-0.282,-0.429,-0.572,-0.709,-0.84,-0.963,-1.077,-1.181,-1.273,-1.353,-1.42,-1.473,-1.512,-1.536,-1.546,-1.54,-1.519,-1.484,-1.434,-1.371,-1.294,-1.205,-1.104,-0.993,-0.872,-0.743,-0.607,-0.465,-0.319,-0.17,-0.02,0.129,0.277,0.422,0.562,0.695,0.822,0.94,1.048,1.145,1.23,1.302,1.361
0.607,0.735,0.854,0.964,1.063,1.15,1.225,1.286,1.333,1.366,1.384,1.387,1.375,1.349,1.307,1.252,1.183,1.101,1.006,0.901,0.786,0.661,0.529,0.39,0.247,0.1,-0.05,-0.2,-0.349,-0.495,-0.638,-0.776,-0.907,-1.03,-1.144,-1.247,-1.34,-1.42,-1.486,-1.54,-1.578,-1.603,-1.612,-1.606,-1.586,-1.551,-1.501,-1.437,-1.361,-1.271,-1.17,-1.059,-0.938,-0.809,-0.673,-0.531,-0.385,-0.237,-0.087,0.063,0.211,0.355,0.495,0.629,0.756,0.873,0.981,1.078,1.164,1.236,1.295
0.541,0.669,0.788,0.898,0.997,1.084,1.159,1.22,1.267,1.3,1.318,1.321,1.309,1.283,1.241,1.186,1.117,1.035,0.94,0.835,0.72,0.595,0.463,0.324,0.181,0.034,-0.116,-0.266,-0.415,-0.561,-0.704,-0.842,-0.973,-1.096,-1.21,-1.313,-1.406,-1.485,-1.552,-1.606,-1.644,-1.669,-1.678,-1.672,-1.652,-1.616,-1.567,-1.503,-1.427,-1.337,-1.236,-1.125,-1.004,-0.875,-0.739,-0.597,-0.451,-0.303,-0.153,-0.003,0.145,0.289,0.429,0.563,0.69,0.807,0.915,1.012,1.098,1.17,1.229
0.476,0.604,0.723,0.833,0.932,1.019,1.094,1.155,1.202,1.235,1.253,1.256,1.244,1.218,1.176,1.121,1.052,0.969,0.875,0.77,0.654,0.53,0.398,0.259,0.116,-0.032,-0.181,-0.331,-0.48,-0.627,-0.769,-0.907,-1.038,-1.161,-1.275,-1.378,-1.471,-1.551,-1.618,-1.671,-1.71,-1.734,-1.743,-1.738,-1.717,-1.682,-1.632,-1.568,-1.492,-1.402,-1.302,-1.19,-1.069,-0.94,-0.804,-0.662,-0.517,-0.368,-0.218,-0.068,0.079,0.224,0.364,0.498,0.624,0.742,0.85,0.947,1.032,1.105,1.164
0.412,0.54,0.659,0.769,0.868,0.955,1.029,1.091,1.138,1.171,1.189,1.192,1.18,1.153,1.112,1.057,0.987,0.905,0.811,0.706,0.59,0.466,0.334,0.195,0.052,-0.096,-0.245,-0.395,-0.544,-0.691,-0.834,-0.971,-1.102,-1.225,-1.339,-1.443,-1.535,-1.615,-1.682,-1.735,-1.774,-1.798,-1.807,-1.802,-1.781,-1.746,-1.696,-1.633,-1.556,-1.466,-1.366,-1.254,-1.133,-1.004,-0.868,-0.726,-0.581,-0.432,-0.282,-0.133,0.015,0.16,0.3,0.434,0.56,0.678,0.786,0.883,0.968,1.041,1.1
0.349,0.477,0.596,0.706,0.805,0.892,0.967,1.028,1.075,1.108,1.126,1.129,1.117,1.091,1.049,0.994,0.925,0.843,0.749,0.643,0.528,0.403,0.271,0.132,-0.011,-0.158,-0.308,-0.458,-0.607,-0.753,-0.896,-1.034,-1.165,-1.288,-1.402,-1.505,-1.597,-1.677,-1.744,-1.797,-1.836,-1.861,-1.87,-1.864,-1.844,-1.808,-1.759,-1.695,-1.618,-1.529,-1.428,-1.317,-1.196,-1.067,-0.931,-0.789,-0.643,-0.495,-0.345,-0.195,-0.047,0.097,0.237,0.371,0.498,0.615,0.723,0.82,0.906,0.978,1.037
0.288,0.416,0.535,0.645,0.744,0.831,0.906,0.967,1.014,1.047,1.065,1.068,1.056,1.03,0.988,0.933,0.864,0.782,0.687,0.582,0.467,0.342,0.21,0.071,-0.072,-0.219,-0.369,-0.519,-0.668,-0.814,-0.957,-1.095,-1.226,-1.349,-1.463,-1.566,-1.659,-1.738,-1.805,-1.859,-1.897,-1.922,-1.931,-1.925,-1.905,-1.869,-1.82,-1.756,-1.68,-1.59,-1.489,-1.378,-1.257,-1.128,-0.992,-0.85,-0.704,-0.556,-0.406,-0.256,-0.108,0.036,0.176,0.31,0.437,0.554,0.662,0.759,0.845,0.917,0.976
0.229,0.357,0.476,0.586,0.685,0.772,0.847,0.908,0.955,0.988,1.006,1.009,0.997,0.971,0.929,0.874,0.805,0.722,0.628,0.523,0.407,0.283,0.151,0.012,-0.131,-0.279,-0.428,-0.578,-0.727,-0.874,-1.016,-1.154,-1.285,-1.408,-1.522,-1.625,-1.718,-1.798,-1.865,-1.918,-1.957,-1.981,-1.99,-1.985,-1.964,-1.929,-1.879,-1.815,-1.739,-1.649,-1.549,-1.437,-1.316,-1.187,-1.051,-0.909,-0.764,-0.615,-0.465,-0.315,-0.168,-0.023,0.117,0.251,0.377,0.495,0.603,0.7,0.785,0.858,0.917
0.172,0.3,0.419,0.529,0.628,0.715,0.79,0.851,0.898,0.931,0.949,0.952,0.94,0.914,0.872,0.817,0.748,0.666,0.571,0.466,0.35,0.226,0.094,-0.045,-0.188,-0.336,-0.485,-0.635,-0.784,-0.931,-1.073,-1.211,-1.342,-1.465,-1.579,-1.682,-1.775,-1.855,-1.921,-1.975,-2.014,-2.038,-2.047,-2.041,-2.021,-1.986,-1.936,-1.872,-1.796,-1.706,-1.606,-1.494,-1.373,-1.244,-1.108,-0.966,-0.82,-0.672,-0.522,-0.372,-0.225,-0.08,0.06,0.194,0.32,0.438,0.546,0.643,0.728,0.801,0.86
0.117,0.245,0.365,0.474,0.573,0.66,0.735,0.796,0.844,0.876,0.894,0.898,0.886,0.859,0.818,0.762,0.693,0.611,0.517,0.411,0.296,0.171,0.039,-0.099,-0.243,-0.39,-0.539,-0.689,-0.838,-0.985,-1.128,-1.266,-1.397,-1.52,-1.633,-1.737,-1.829,-1.909,-1.976,-2.029,-2.068,-2.092,-2.102,-2.096,-2.075,-2.04,-1.99,-1.927,-1.85,-1.761,-1.66,-1.549,-1.428,-1.299,-1.163,-1.021,-0.875,-0.726,-0.577,-0.427,-0.279,-0.134,0.005,0.139,0.266,0.384,0.492,0.589,0.674,0.746,0.805
0.065,0.193,0.313,0.422,0.521,0.609,0.683,0.744,0.792,0.825,0.843,0.846,0.834,0.807,0.766,0.71,0.641,0.559,0.465,0.36,0.244,0.12,-0.013,-0.151,-0.295,-0.442,-0.591,-0.741,-0.89,-1.037,-1.18,-1.317,-1.448,-1.571,-1.685,-1.789,-1.881,-1.961,-2.028,-2.081,-2.12,-2.144,-2.154,-2.148,-2.127,-2.092,-2.042,-1.979,-1.902,-1.813,-1.712,-1.601,-1.48,-1.351,-1.214,-1.073,-0.927,-0.778,-0.628,-0.479,-0.331,-0.186,-0.046,0.088,0.214,0.332,0.44,0.537,0.622,0.694,0.753
0.017,0.144,0.264,0.373,0.472,0.56,0.634,0.695,0.743,0.776,0.794,0.797,0.785,0.758,0.717,0.661,0.592,0.51,0.416,0.311,0.195,0.071,-0.062,-0.2,-0.344,-0.491,-0.64,-0.79,-0.939,-1.086,-1.229,-1.366,-1.497,-1.62,-1.734,-1.838,-1.93,-2.01,-2.077,-2.13,-2.169,-2.193,-2.202,-2.197,-2.176,-2.141,-2.091,-2.028,-1.951,-1.862,-1.761,-1.65,-1.529,-1.4,-1.263,-1.122,-0.976,-0.827,-0.677,-0.528,-0.38,-0.235,-0.095,0.039,0.165,0.283,0.391,0.488,0.573,0.645,0.704
-0.029,0.099,0.218,0.328,0.427,0.514,0.588,0.65,0.697,0.73,0.748,0.751,0.739,0.712,0.671,0.615,0.546,0.464,0.37,0.265,0.149,0.025,-0.107,-0.246,-0.39,-0.537,-0.686,-0.836,-0.985,-1.132,-1.275,-1.412,-1.543,-1.666,-1.78,-1.884,-1.976,-2.056,-2.123,-2.176,-2.215,-2.239,-2.248,-2.243,-2.222,-2.187,-2.137,-2.074,-1.997,-1.908,-1.807,-1.695,-1.574,-1.445,-1.309,-1.168,-1.022,-0.873,-0.723,-0.574,-0.426,-0.281,-0.141,-0.007,0.119,0.237,0.345,0.442,0.527,0.6,0.659
-0.072,0.056,0.175,0.285,0.384,0.471,0.546,0.607,0.654,0.687,0.705,0.708,0.697,0.67,0.628,0.573,0.504,0.422,0.328,0.222,0.107,-0.018,-0.15,-0.288,-0.432,-0.579,-0.729,-0.879,-1.028,-1.174,-1.317,-1.455,-1.586,-1.709,-1.823,-1.926,-2.018,-2.098,-2.165,-2.218,-2.257,-2.282,-2.291,-2.285,-2.265,-2.229,-2.18,-2.116,-2.039,-1.95,-1.849,-1.738,-1.617,-1.488,-1.352,-1.21,-1.064,-0.916,-0.766,-0.616,-0.468,-0.324,-0.184,-0.05,0.077,0.195,0.302,0.4,0.485,0.557,0.616
-0.111,0.017,0.136,0.246,0.345,0.432,0.507,0.568,0.615,0.648,0.666,0.669,0.658,0.631,0.589,0.534,0.465,0.383,0.289,0.183,0.068,-0.057,-0.189,-0.327,-0.471,-0.618,-0.768,-0.918,-1.067,-1.213,-1.356,-1.494,-1.625,-1.748,-1.862,-1.965,-2.057,-2.137,-2.204,-2.257,-2.296,-2.321,-2.33,-2.324,-2.304,-2.268,-2.219,-2.155,-2.078,-1.989,-1.888,-1.777,-1.656,-1.527,-1.391,-1.249,-1.103,-0.955,-0.805,-0.655,-0.507,-0.363,-0.223,-0.089,0.038,0.156,0.263,0.361,0.446,0.518,0.577
-0.146,-0.018,0.101,0.211,0.31,0.397,0.472,0.533,0.58,0.613,0.631,0.634,0.622,0.595,0.554,0.499,0.43,0.347,0.253,0.148,0.032,-0.092,-0.224,-0.363,-0.506,-0.654,-0.803,-0.953,-1.102,-1.249,-1.391,-1.529,-1.66,-1.783,-1.897,-2,-2.093,-2.173,-2.24,-2.293,-2.332,-2.356,-2.365,-2.36,-2.339,-2.304,-2.254,-2.19,-2.114,-2.024,-1.924,-1.812,-1.691,-1.562,-1.426,-1.284,-1.139,-0.99,-0.84,-0.69,-0.543,-0.398,-0.258,-0.124,0.002,0.12,0.228,0.325,0.41,0.483,0.542
-0.178,-0.05,0.07,0.179,0.278,0.365,0.44,0.501,0.549,0.581,0.599,0.603,0.591,0.564,0.523,0.467,0.398,0.316,0.222,0.116,0.001,-0.124,-0.256,-0.394,-0.538,-0.685,-0.834,-0.984,-1.133,-1.28,-1.423,-1.561,-1.692,-1.815,-1.928,-2.032,-2.124,-2.204,-2.271,-2.324,-2.363,-2.387,-2.397,-2.391,-2.37,-2.335,-2.285,-2.222,-2.145,-2.056,-1.955,-1.844,-1.723,-1.594,-1.458,-1.316,-1.17,-1.021,-0.872,-0.722,-0.574,-0.429,-0.289,-0.156,-0.029,0.089,0.197,0.294,0.379,0.451,0.51
-0.205,-0.077,0.042,0.152,0.251,0.338,0.413,0.474,0.521,0.554,0.572,0.575,0.563,0.537,0.495,0.44,0.371,0.288,0.194,0.089,-0.027,-0.151,-0.283,-0.422,-0.565,-0.713,-0.862,-1.012,-1.161,-1.308,-1.45,-1.588,-1.719,-1.842,-1.956,-2.059,-2.152,-2.232,-2.298,-2.352,-2.391,-2.415,-2.424,-2.418,-2.398,-2.363,-2.313,-2.249,-2.173,-2.083,-1.983,-1.871,-1.75,-1.621,-1.485,-1.343,-1.197,-1.049,-0.899,-0.749,-0.602,-0.457,-0.317,-0.183,-0.057,0.061,0.169,0.266,0.351,0.424,0.483
-0.228,-0.101,0.019,0.128,0.227,0.315,0.389,0.45,0.498,0.531,0.549,0.552,0.54,0.513,0.472,0.416,0.347,0.265,0.171,0.066,-0.05,-0.174,-0.307,-0.445,-0.589,-0.736,-0.885,-1.035,-1.184,-1.331,-1.474,-1.611,-1.742,-1.865,-1.979,-2.083,-2.175,-2.255,-2.322,-2.375,-2.414,-2.438,-2.448,-2.442,-2.421,-2.386,-2.336,-2.273,-2.196,-2.107,-2.006,-1.895,-1.774,-1.645,-1.508,-1.367,-1.221,-1.072,-0.922,-0.773,-0.625,-0.48,-0.34,-0.206,-0.08,0.038,0.146,0.243,0.328,0.4,0.459
-0.248,-0.12,0,0.109,0.208,0.295,0.37,0.431,0.479,0.511,0.529,0.533,0.521,0.494,0.453,0.397,0.328,0.246,0.152,0.046,-0.069,-0.194,-0.326,-0.464,-0.608,-0.755,-0.904,-1.054,-1.203,-1.35,-1.493,-1.631,-1.762,-1.885,-1.998,-2.102,-2.194,-2.274,-2.341,-2.394,-2.433,-2.457,-2.467,-2.461,-2.44,-2.405,-2.356,-2.292,-2.215,-2.126,-2.025,-1.914,-1.793,-1.664,-1.528,-1.386,-1.24,-1.091,-0.942,-0.792,-0.644,-0.499,-0.36,-0.226,-0.099,0.019,0.127,0.224,0.309,0.381,0.44
-0.263,-0.135,-0.015,0.094,0.193,0.281,0.355,0.416,0.464,0.497,0.515,0.518,0.506,0.479,0.438,0.382,0.313,0.231,0.137,0.032,-0.084,-0.208,-0.341,-0.479,-0.623,-0.77,-0.919,-1.069,-1.218,-1.365,-1.508,-1.645,-1.776,-1.899,-2.013,-2.117,-2.209,-2.289,-2.356,-2.409,-2.448,-2.472,-2.482,-2.476,-2.455,-2.42,-2.37,-2.307,-2.23,-2.141,-2.04,-1.929,-1.808,-1.679,-1.542,-1.401,-1.255,-1.106,-0.956,-0.807,-0.659,-0.514,-0.374,-0.241,-0.114,0.004,0.112,0.209,0.294,0.366,0.425
-0.273,-0.145,-0.026,0.084,0.183,0.27,0.345,0.406,0.453,0.486,0.504,0.507,0.495,0.469,0.427,0.372,0.303,0.221,0.126,0.021,-0.094,-0.219,-0.351,-0.49,-0.633,-0.781,-0.93,-1.08,-1.229,-1.376,-1.518,-1.656,-1.787,-1.91,-2.024,-2.127,-2.22,-2.3,-2.366,-2.42,-2.458,-2.483,-2.492,-2.486,-2.466,-2.431,-2.381,-2.317,-2.241,-2.151,-2.05,-1.939,-1.818,-1.689,-1.553,-1.411,-1.265,-1.117,-0.967,-0.817,-0.67,-0.525,-0.385,-0.251,-0.125,-0.007,0.101,0.198,0.283,0.356,0.415
-0.279,-0.151,-0.032,0.078,0.177,0.264,0.339,0.4,0.447,0.48,0.498,0.501,0.489,0.462,0.421,0.366,0.297,0.214,0.12,0.015,-0.101,-0.225,-0.357,-0.496,-0.639,-0.787,-0.936,-1.086,-1.235,-1.382,-1.524,-1.662,-1.793,-1.916,-2.03,-2.133,-2.226,-2.306,-2.373,-2.426,-2.465,-2.489,-2.498,-2.493,-2.472,-2.437,-2.387,-2.323,-2.247,-2.157,-2.057,-1.945,-1.824,-1.695,-1.559,-1.417,-1.272,-1.123,-0.973,-0.823,-0.676,-0.531,-0.391,-0.257,-0.131,-0.013,0.095,0.192,0.277,0.35,0.409
-0.281,-0.153,-0.034,0.076,0.175,0.262,0.337,0.398,0.445,0.478,0.496,0.499,0.488,0.461,0.419,0.364,0.295,0.213,0.119,0.013,-0.102,-0.227,-0.359,-0.497,-0.641,-0.788,-0.938,-1.088,-1.237,-1.383,-1.526,-1.664,-1.795,-1.918,-2.032,-2.135,-2.227,-2.307,-2.374,-2.427,-2.466,-2.491,-2.5,-2.494,-2.474,-2.438,-2.389,-2.325,-2.248,-2.159,-2.058,-1.947,-1.826,-1.697,-1.561,-1.419,-1.273,-1.125,-0.975,-0.825,-0.677,-0.533,-0.393,-0.259,-0.132,-0.014,0.093,0.191,0.276,0.348,0.407
-0.278,-0.15,-0.031,0.079,0.178,0.265,0.34,0.401,0.448,0.481,0.499,0.502,0.49,0.464,0.422,0.367,0.298,0.216,0.121,0.016,-0.099,-0.224,-0.356,-0.495,-0.638,-0.786,-0.935,-1.085,-1.234,-1.381,-1.523,-1.661,-1.792,-1.915,-2.029,-2.132,-2.225,-2.305,-2.371,-2.425,-2.463,-2.488,-2.497,-2.491,-2.471,-2.436,-2.386,-2.322,-2.246,-2.156,-2.056,-1.944,-1.823,-1.694,-1.558,-1.416,-1.27,-1.122,-0.972,-0.822,-0.675,-0.53,-0.39,-0.256,-0.13,-0.012,0.096,0.193,0.278,0.351,0.41
-0.271,-0.143,-0.024,0.086,0.185,0.272,0.347,0.408,0.455,0.488,0.506,0.509,0.498,0.471,0.429,0.374,0.305,0.223,0.129,0.023,-0.092,-0.217,-0.349,-0.488,-0.631,-0.778,-0.928,-1.078,-1.227,-1.373,-1.516,-1.654,-1.785,-1.908,-2.022,-2.125,-2.217,-2.297,-2.364,-2.417,-2.456,-2.481,-2.49,-2.484,-2.464,-2.428,-2.379,-2.315,-2.238,-2.149,-2.048,-1.937,-1.816,-1.687,-1.551,-1.409,-1.263,-1.115,-0.965,-0.815,-0.667,-0.523,-0.383,-0.249,-0.122,-0.005,0.103,0.201,0.286,0.358,0.417
-0.259,-0.131,-0.012,0.098,0.197,0.284,0.358,0.42,0.467,0.5,0.518,0.521,0.509,0.482,0.441,0.386,0.316,0.234,0.14,0.035,-0.081,-0.205,-0.337,-0.476,-0.62,-0.767,-0.916,-1.066,-1.215,-1.362,-1.505,-1.642,-1.773,-1.896,-2.01,-2.114,-2.206,-2.286,-2.353,-2.406,-2.445,-2.469,-2.478,-2.473,-2.452,-2.417,-2.367,-2.304,-2.227,-2.138,-2.037,-1.925,-1.804,-1.675,-1.539,-1.398,-1.252,-1.103,-0.953,-0.804,-0.656,-0.511,-0.371,-0.237,-0.111,0.007,0.115,0.212,0.297,0.37,0.429
-0.243,-0.115,0.004,0.114,0.213,0.3,0.374,0.436,0.483,0.516,0.534,0.537,0.525,0.498,0.457,0.402,0.332,0.25,0.156,0.051,-0.065,-0.189,-0.321,-0.46,-0.604,-0.751,-0.9,-1.05,-1.199,-1.346,-1.489,-1.626,-1.757,-1.88,-1.994,-2.098,-2.19,-2.27,-2.337,-2.39,-2.429,-2.453,-2.462,-2.457,-2.436,-2.401,-2.351,-2.288,-2.211,-2.122,-2.021,-1.909,-1.788,-1.659,-1.523,-1.382,-1.236,-1.087,-0.937,-0.788,-0.64,-0.495,-0.355,-0.221,-0.095,0.023,0.131,0.228,0.313,0.386,0.445
-0.223,-0.095,0.024,0.134,0.233,0.32,0.395,0.456,0.503,0.536,0.554,0.557,0.545,0.519,0.477,0.422,0.353,0.271,0.176,0.071,-0.045,-0.169,-0.301,-0.44,-0.583,-0.731,-0.88,-1.03,-1.179,-1.326,-1.468,-1.606,-1.737,-1.86,-1.974,-2.077,-2.17,-2.25,-2.316,-2.37,-2.409,-2.433,-2.442,-2.436,-2.416,-2.381,-2.331,-2.267,-2.191,-2.101,-2.001,-1.889,-1.768,-1.639,-1.503,-1.361,-1.215,-1.067,-0.917,-0.767,-0.62,-0.475,-0.335,-0.201,-0.075,0.043,0.151,0.248,0.333,0.406,0.465
-0.199,-0.071,0.049,0.158,0.257,0.344,0.419,0.48,0.528,0.56,0.578,0.582,0.57,0.543,0.502,0.446,0.377,0.295,0.201,0.095,-0.02,-0.145,-0.277,-0.415,-0.559,-0.706,-0.855,-1.005,-1.154,-1.301,-1.444,-1.582,-1.713,-1.836,-1.949,-2.053,-2.145,-2.225,-2.292,-2.345,-2.384,-2.408,-2.418,-2.412,-2.391,-2.356,-2.307,-2.243,-2.166,-2.077,-1.976,-1.865,-1.744,-1.615,-1.479,-1.337,-1.191,-1.042,-0.893,-0.743,-0.595,-0.451,-0.311,-0.177,-0.05,0.068,0.176,0.273,0.358,0.43,0.489
-0.17,-0.042,0.077,0.187,0.286,0.373,0.447,0.509,0.556,0.589,0.607,0.61,0.598,0.571,0.53,0.475,0.405,0.323,0.229,0.124,0.008,-0.116,-0.248,-0.387,-0.53,-0.678,-0.827,-0.977,-1.126,-1.273,-1.416,-1.553,-1.684,-1.807,-1.921,-2.025,-2.117,-2.197,-2.264,-2.317,-2.356,-2.38,-2.389,-2.384,-2.363,-2.328,-2.278,-2.215,-2.138,-2.048,-1.948,-1.836,-1.715,-1.586,-1.45,-1.308,-1.163,-1.014,-0.864,-0.715,-0.567,-0.422,-0.282,-0.148,-0.022,0.096,0.204,0.301,0.386,0.459,0.518
-0.138,-0.01,0.109,0.219,0.318,0.405,0.48,0.541,0.588,0.621,0.639,0.642,0.631,0.604,0.563,0.507,0.438,0.356,0.262,0.156,0.041,-0.084,-0.216,-0.354,-0.498,-0.645,-0.795,-0.944,-1.094,-1.24,-1.383,-1.521,-1.652,-1.775,-1.889,-1.992,-2.084,-2.164,-2.231,-2.284,-2.323,-2.347,-2.357,-2.351,-2.331,-2.295,-2.246,-2.182,-2.105,-2.016,-1.915,-1.804,-1.683,-1.554,-1.418,-1.276,-1.13,-0.982,-0.832,-0.682,-0.534,-0.39,-0.25,-0.116,0.011,0.129,0.237,0.334,0.419,0.491,0.55
