wind/current.json
{"header": { "parameterCategory": 2, "parameterUnit": "m.s-1", "refTime": "2025-09-21T09:38:46.000Z", "lo1": -25, "la1": 72, "lo2": 45, "la2": 34, "nx": 71, "ny": 39, "dx": 1, "dy": 1, "scanMode": 0, "parameterNumber": 3 }, "data":
[rows 0 to 34 of 39, columns 0 to 70 of 71]
-1.497,-1.408,-1.316,-1.22,-1.123,-1.024,-0.924,-0.824,-0.725,-0.626,-0.53,-0.437,-0.347,-0.26,-0.179,-0.102,-0.031,0.034,0.093,0.144,0.189,0.225,0.254,0.275,0.287,0.291,0.287,0.275,0.254,0.225,0.189,0.144,0.093,0.034,-0.031,-0.102,-0.179,-0.26,-0.347,-0.437,-0.53,-0.626,-0.725,-0.824,-0.924,-1.024,-1.123,-1.22,-1.316,-1.408,-1.497,-1.582,-1.663,-1.738,-1.807,-1.87,-1.927,-1.976,-2.018,-2.052,-2.079,-2.097,-2.107,-2.108,-2.102,-2.087,-2.064,-2.033,-1.994,-1.947,-1.893
-1.525,-1.436,-1.343,-1.248,-1.15,-1.051,-0.951,-0.851,-0.752,-0.654,-0.558,-0.464,-0.374,-0.288,-0.206,-0.129,-0.058,0.007,0.065,0.117,0.161,0.198,0.226,0.247,0.26,0.264,0.26,0.247,0.226,0.198,0.161,0.117,0.065,0.007,-0.058,-0.129,-0.206,-0.288,-0.374,-0.464,-0.558,-0.654,-0.752,-0.851,-0.951,-1.051,-1.15,-1.248,-1.343,-1.436,-1.525,-1.61,-1.69,-1.765,-1.834,-1.898,-1.954,-2.003,-2.045,-2.08,-2.106,-2.124,-2.134,-2.136,-2.129,-2.114,-2.091,-2.06,-2.021,-1.975,-1.921
-1.547,-1.458,-1.366,-1.27,-1.173,-1.074,-0.974,-0.874,-0.775,-0.677,-0.581,-0.487,-0.397,-0.311,-0.229,-0.152,-0.081,-0.016,0.043,0.094,0.138,0.175,0.204,0.224,0.237,0.241,0.237,0.224,0.204,0.175,0.138,0.094,0.043,-0.016,-0.081,-0.152,-0.229,-0.311,-0.397,-0.487,-0.581,-0.677,-0.775,-0.874,-0.974,-1.074,-1.173,-1.27,-1.366,-1.458,-1.547,-1.632,-1.713,-1.788,-1.857,-1.92,-1.977,-2.026,-2.068,-2.102,-2.129,-2.147,-2.157,-2.159,-2.152,-2.137,-2.114,-2.083,-2.044,-1.997,-1.944
-1.565,-1.476,-1.384,-1.288,-1.191,-1.092,-0.992,-0.892,-0.792,-0.694,-0.598,-0.505,-0.415,-0.328,-0.247,-0.17,-0.099,-0.034,0.025,0.076,0.121,0.157,0.186,0.207,0.219,0.223,0.219,0.207,0.186,0.157,0.121,0.076,0.025,-0.034,-0.099,-0.17,-0.247,-0.328,-0.415,-0.505,-0.598,-0.694,-0.792,-0.892,-0.992,-1.092,-1.191,-1.288,-1.384,-1.476,-1.565,-1.65,-1.731,-1.806,-1.875,-1.938,-1.995,-2.044,-2.086,-2.12,-2.146,-2.165,-2.175,-2.176,-2.17,-2.155,-2.132,-2.1,-2.062,-2.015,-1.961
-1.578,-1.489,-1.396,-1.301,-1.203,-1.104,-1.005,-0.905,-0.805,-0.707,-0.611,-0.518,-0.427,-0.341,-0.259,-0.183,-0.112,-0.046,0.012,0.064,0.108,0.144,0.173,0.194,0.206,0.21,0.206,0.194,0.173,0.144,0.108,0.064,0.012,-0.046,-0.112,-0.183,-0.259,-0.341,-0.427,-0.518,-0.611,-0.707,-0.805,-0.905,-1.005,-1.104,-1.203,-1.301,-1.396,-1.489,-1.578,-1.663,-1.743,-1.818,-1.888,-1.951,-2.007,-2.057,-2.099,-2.133,-2.159,-2.178,-2.188,-2.189,-2.182,-2.168,-2.144,-2.113,-2.074,-2.028,-1.974
-1.586,-1.497,-1.404,-1.309,-1.211,-1.112,-1.012,-0.912,-0.813,-0.715,-0.619,-0.525,-0.435,-0.349,-0.267,-0.19,-0.119,-0.054,0.004,0.056,0.1,0.137,0.165,0.186,0.199,0.203,0.199,0.186,0.165,0.137,0.1,0.056,0.004,-0.054,-0.119,-0.19,-0.267,-0.349,-0.435,-0.525,-0.619,-0.715,-0.813,-0.912,-1.012,-1.112,-1.211,-1.309,-1.404,-1.497,-1.586,-1.671,-1.751,-1.826,-1.896,-1.959,-2.015,-2.065,-2.106,-2.141,-2.167,-2.185,-2.195,-2.197,-2.19,-2.175,-2.152,-2.121,-2.082,-2.036,-1.982
-1.588,-1.499,-1.407,-1.311,-1.214,-1.115,-1.015,-0.915,-0.816,-0.718,-0.622,-0.528,-0.438,-0.352,-0.27,-0.193,-0.122,-0.057,0.002,0.053,0.097,0.134,0.163,0.183,0.196,0.2,0.196,0.183,0.163,0.134,0.097,0.053,0.002,-0.057,-0.122,-0.193,-0.27,-0.352,-0.438,-0.528,-0.622,-0.718,-0.816,-0.915,-1.015,-1.115,-1.214,-1.311,-1.407,-1.499,-1.588,-1.673,-1.754,-1.829,-1.898,-1.961,-2.018,-2.067,-2.109,-2.143,-2.17,-2.188,-2.198,-2.2,-2.193,-2.178,-2.155,-2.124,-2.085,-2.038,-1.985
-1.586,-1.497,-1.404,-1.309,-1.211,-1.112,-1.013,-0.913,-0.813,-0.715,-0.619,-0.526,-0.436,-0.349,-0.267,-0.191,-0.12,-0.055,0.004,0.056,0.1,0.136,0.165,0.186,0.198,0.202,0.198,0.186,0.165,0.136,0.1,0.056,0.004,-0.055,-0.12,-0.191,-0.267,-0.349,-0.436,-0.526,-0.619,-0.715,-0.813,-0.913,-1.013,-1.112,-1.211,-1.309,-1.404,-1.497,-1.586,-1.671,-1.751,-1.826,-1.896,-1.959,-2.015,-2.065,-2.107,-2.141,-2.167,-2.186,-2.196,-2.197,-2.191,-2.176,-2.152,-2.121,-2.082,-2.036,-1.982
-1.579,-1.489,-1.397,-1.302,-1.204,-1.105,-1.005,-0.905,-0.806,-0.708,-0.612,-0.518,-0.428,-0.342,-0.26,-0.183,-0.112,-0.047,0.011,0.063,0.107,0.144,0.173,0.193,0.206,0.21,0.206,0.193,0.173,0.144,0.107,0.063,0.011,-0.047,-0.112,-0.183,-0.26,-0.342,-0.428,-0.518,-0.612,-0.708,-0.806,-0.905,-1.005,-1.105,-1.204,-1.302,-1.397,-1.489,-1.579,-1.664,-1.744,-1.819,-1.888,-1.951,-2.008,-2.057,-2.099,-2.134,-2.16,-2.178,-2.188,-2.19,-2.183,-2.168,-2.145,-2.114,-2.075,-2.028,-1.975
-1.566,-1.477,-1.384,-1.289,-1.191,-1.092,-0.993,-0.893,-0.793,-0.695,-0.599,-0.506,-0.415,-0.329,-0.247,-0.171,-0.1,-0.034,0.024,0.076,0.12,0.156,0.185,0.206,0.218,0.222,0.218,0.206,0.185,0.156,0.12,0.076,0.024,-0.034,-0.1,-0.171,-0.247,-0.329,-0.415,-0.506,-0.599,-0.695,-0.793,-0.893,-0.993,-1.092,-1.191,-1.289,-1.384,-1.477,-1.566,-1.651,-1.731,-1.806,-1.876,-1.939,-1.995,-2.045,-2.087,-2.121,-2.147,-2.166,-2.175,-2.177,-2.17,-2.156,-2.132,-2.101,-2.062,-2.016,-1.962
-1.548,-1.459,-1.367,-1.271,-1.174,-1.075,-0.975,-0.875,-0.776,-0.678,-0.582,-0.488,-0.398,-0.312,-0.23,-0.153,-0.082,-0.017,0.042,0.093,0.137,0.174,0.203,0.223,0.236,0.24,0.236,0.223,0.203,0.174,0.137,0.093,0.042,-0.017,-0.082,-0.153,-0.23,-0.312,-0.398,-0.488,-0.582,-0.678,-0.776,-0.875,-0.975,-1.075,-1.174,-1.271,-1.367,-1.459,-1.548,-1.633,-1.714,-1.789,-1.858,-1.921,-1.978,-2.027,-2.069,-2.103,-2.13,-2.148,-2.158,-2.16,-2.153,-2.138,-2.115,-2.084,-2.045,-1.998,-1.945
-1.526,-1.437,-1.344,-1.249,-1.151,-1.052,-0.953,-0.853,-0.753,-0.655,-0.559,-0.466,-0.375,-0.289,-0.207,-0.131,-0.06,0.006,0.064,0.116,0.16,0.196,0.225,0.246,0.258,0.262,0.258,0.246,0.225,0.196,0.16,0.116,0.064,0.006,-0.06,-0.131,-0.207,-0.289,-0.375,-0.466,-0.559,-0.655,-0.753,-0.853,-0.953,-1.052,-1.151,-1.249,-1.344,-1.437,-1.526,-1.611,-1.691,-1.766,-1.836,-1.899,-1.955,-2.005,-2.047,-2.081,-2.107,-2.126,-2.136,-2.137,-2.131,-2.116,-2.092,-2.061,-2.022,-1.976,-1.922
-1.499,-1.41,-1.317,-1.222,-1.124,-1.025,-0.925,-0.825,-0.726,-0.628,-0.532,-0.438,-0.348,-0.262,-0.18,-0.103,-0.032,0.033,0.091,0.143,0.187,0.224,0.252,0.273,0.285,0.29,0.285,0.273,0.252,0.224,0.187,0.143,0.091,0.033,-0.032,-0.103,-0.18,-0.262,-0.348,-0.438,-0.532,-0.628,-0.726,-0.825,-0.925,-1.025,-1.124,-1.222,-1.317,-1.41,-1.499,-1.584,-1.664,-1.739,-1.809,-1.872,-1.928,-1.978,-2.02,-2.054,-2.08,-2.098,-2.108,-2.11,-2.103,-2.088,-2.065,-2.034,-1.995,-1.949,-1.895
-1.467,-1.378,-1.285,-1.19,-1.092,-0.993,-0.894,-0.794,-0.694,-0.596,-0.5,-0.407,-0.316,-0.23,-0.148,-0.072,0,0.065,0.123,0.175,0.219,0.255,0.284,0.305,0.317,0.322,0.317,0.305,0.284,0.255,0.219,0.175,0.123,0.065,0,-0.072,-0.148,-0.23,-0.316,-0.407,-0.5,-0.596,-0.694,-0.794,-0.894,-0.993,-1.092,-1.19,-1.285,-1.378,-1.467,-1.552,-1.632,-1.707,-1.777,-1.84,-1.896,-1.946,-1.988,-2.022,-2.048,-2.066,-2.076,-2.078,-2.071,-2.056,-2.033,-2.002,-1.963,-1.917,-1.863
-1.431,-1.342,-1.249,-1.154,-1.056,-0.957,-0.857,-0.757,-0.658,-0.56,-0.464,-0.37,-0.28,-0.194,-0.112,-0.035,0.036,0.101,0.159,0.211,0.255,0.292,0.321,0.341,0.354,0.358,0.354,0.341,0.321,0.292,0.255,0.211,0.159,0.101,0.036,-0.035,-0.112,-0.194,-0.28,-0.37,-0.464,-0.56,-0.658,-0.757,-0.857,-0.957,-1.056,-1.154,-1.249,-1.342,-1.431,-1.516,-1.596,-1.671,-1.74,-1.804,-1.86,-1.909,-1.951,-1.986,-2.012,-2.03,-2.04,-2.042,-2.035,-2.02,-1.997,-1.966,-1.927,-1.88,-1.827
-1.39,-1.301,-1.208,-1.113,-1.015,-0.916,-0.817,-0.717,-0.617,-0.519,-0.423,-0.33,-0.239,-0.153,-0.071,0.005,0.077,0.142,0.2,0.252,0.296,0.332,0.361,0.382,0.394,0.398,0.394,0.382,0.361,0.332,0.296,0.252,0.2,0.142,0.077,0.005,-0.071,-0.153,-0.239,-0.33,-0.423,-0.519,-0.617,-0.717,-0.817,-0.916,-1.015,-1.113,-1.208,-1.301,-1.39,-1.475,-1.555,-1.63,-1.7,-1.763,-1.819,-1.869,-1.911,-1.945,-1.971,-1.99,-1.999,-2.001,-1.994,-1.98,-1.956,-1.925,-1.886,-1.84,-1.786
-1.345,-1.256,-1.164,-1.068,-0.971,-0.872,-0.772,-0.672,-0.573,-0.475,-0.378,-0.285,-0.195,-0.108,-0.027,0.05,0.121,0.186,0.245,0.296,0.341,0.377,0.406,0.427,0.439,0.443,0.439,0.427,0.406,0.377,0.341,0.296,0.245,0.186,0.121,0.05,-0.027,-0.108,-0.195,-0.285,-0.378,-0.475,-0.573,-0.672,-0.772,-0.872,-0.971,-1.068,-1.164,-1.256,-1.345,-1.43,-1.511,-1.586,-1.655,-1.718,-1.775,-1.824,-1.866,-1.9,-1.927,-1.945,-1.955,-1.956,-1.95,-1.935,-1.912,-1.881,-1.842,-1.795,-1.741
-1.297,-1.208,-1.115,-1.02,-0.922,-0.823,-0.723,-0.623,-0.524,-0.426,-0.33,-0.236,-0.146,-0.06,0.022,0.099,0.17,0.235,0.293,0.345,0.389,0.426,0.454,0.475,0.488,0.492,0.488,0.475,0.454,0.426,0.389,0.345,0.293,0.235,0.17,0.099,0.022,-0.06,-0.146,-0.236,-0.33,-0.426,-0.524,-0.623,-0.723,-0.823,-0.922,-1.02,-1.115,-1.208,-1.297,-1.382,-1.462,-1.537,-1.606,-1.67,-1.726,-1.775,-1.817,-1.852,-1.878,-1.896,-1.906,-1.908,-1.901,-1.886,-1.863,-1.832,-1.793,-1.747,-1.693
-1.245,-1.155,-1.063,-0.967,-0.87,-0.771,-0.671,-0.571,-0.472,-0.374,-0.278,-0.184,-0.094,-0.008,0.074,0.151,0.222,0.287,0.346,0.397,0.441,0.478,0.507,0.527,0.54,0.544,0.54,0.527,0.507,0.478,0.441,0.397,0.346,0.287,0.222,0.151,0.074,-0.008,-0.094,-0.184,-0.278,-0.374,-0.472,-0.571,-0.671,-0.771,-0.87,-0.967,-1.063,-1.155,-1.245,-1.33,-1.41,-1.485,-1.554,-1.617,-1.674,-1.723,-1.765,-1.799,-1.826,-1.844,-1.854,-1.856,-1.849,-1.834,-1.811,-1.78,-1.741,-1.694,-1.641
-1.189,-1.1,-1.007,-0.912,-0.814,-0.715,-0.616,-0.516,-0.416,-0.318,-0.222,-0.129,-0.038,0.048,0.13,0.206,0.278,0.343,0.401,0.453,0.497,0.533,0.562,0.583,0.595,0.6,0.595,0.583,0.562,0.533,0.497,0.453,0.401,0.343,0.278,0.206,0.13,0.048,-0.038,-0.129,-0.222,-0.318,-0.416,-0.516,-0.616,-0.715,-0.814,-0.912,-1.007,-1.1,-1.189,-1.274,-1.354,-1.429,-1.499,-1.562,-1.618,-1.668,-1.71,-1.744,-1.77,-1.788,-1.798,-1.8,-1.793,-1.779,-1.755,-1.724,-1.685,-1.639,-1.585
-1.13,-1.041,-0.949,-0.853,-0.756,-0.657,-0.557,-0.457,-0.358,-0.26,-0.164,-0.07,0.02,0.106,0.188,0.265,0.336,0.401,0.46,0.511,0.555,0.592,0.621,0.641,0.654,0.658,0.654,0.641,0.621,0.592,0.555,0.511,0.46,0.401,0.336,0.265,0.188,0.106,0.02,-0.07,-0.164,-0.26,-0.358,-0.457,-0.557,-0.657,-0.756,-0.853,-0.949,-1.041,-1.13,-1.215,-1.296,-1.371,-1.44,-1.503,-1.56,-1.609,-1.651,-1.685,-1.712,-1.73,-1.74,-1.742,-1.735,-1.72,-1.697,-1.666,-1.627,-1.58,-1.527
-1.069,-0.98,-0.887,-0.792,-0.694,-0.595,-0.496,-0.396,-0.296,-0.198,-0.102,-0.009,0.082,0.168,0.25,0.326,0.397,0.463,0.521,0.573,0.617,0.653,0.682,0.703,0.715,0.719,0.715,0.703,0.682,0.653,0.617,0.573,0.521,0.463,0.397,0.326,0.25,0.168,0.082,-0.009,-0.102,-0.198,-0.296,-0.396,-0.496,-0.595,-0.694,-0.792,-0.887,-0.98,-1.069,-1.154,-1.234,-1.309,-1.379,-1.442,-1.498,-1.548,-1.59,-1.624,-1.65,-1.669,-1.678,-1.68,-1.673,-1.659,-1.635,-1.604,-1.565,-1.519,-1.465
-1.005,-0.916,-0.824,-0.728,-0.631,-0.532,-0.432,-0.332,-0.232,-0.134,-0.038,0.055,0.145,0.232,0.313,0.39,0.461,0.526,0.585,0.636,0.681,0.717,0.746,0.767,0.779,0.783,0.779,0.767,0.746,0.717,0.681,0.636,0.585,0.526,0.461,0.39,0.313,0.232,0.145,0.055,-0.038,-0.134,-0.232,-0.332,-0.432,-0.532,-0.631,-0.728,-0.824,-0.916,-1.005,-1.09,-1.171,-1.246,-1.315,-1.378,-1.435,-1.484,-1.526,-1.56,-1.586,-1.605,-1.615,-1.616,-1.61,-1.595,-1.572,-1.54,-1.502,-1.455,-1.401
-0.939,-0.85,-0.758,-0.662,-0.565,-0.466,-0.366,-0.266,-0.167,-0.068,0.028,0.121,0.211,0.298,0.379,0.456,0.527,0.592,0.651,0.702,0.747,0.783,0.812,0.833,0.845,0.849,0.845,0.833,0.812,0.783,0.747,0.702,0.651,0.592,0.527,0.456,0.379,0.298,0.211,0.121,0.028,-0.068,-0.167,-0.266,-0.366,-0.466,-0.565,-0.662,-0.758,-0.85,-0.939,-1.024,-1.105,-1.18,-1.249,-1.312,-1.369,-1.418,-1.46,-1.494,-1.521,-1.539,-1.549,-1.55,-1.544,-1.529,-1.506,-1.475,-1.436,-1.389,-1.335
-0.872,-0.782,-0.69,-0.594,-0.497,-0.398,-0.298,-0.198,-0.099,-0.001,0.095,0.189,0.279,0.365,0.447,0.524,0.595,0.66,0.719,0.77,0.814,0.851,0.88,0.9,0.913,0.917,0.913,0.9,0.88,0.851,0.814,0.77,0.719,0.66,0.595,0.524,0.447,0.365,0.279,0.189,0.095,-0.001,-0.099,-0.198,-0.298,-0.398,-0.497,-0.594,-0.69,-0.782,-0.872,-0.957,-1.037,-1.112,-1.181,-1.244,-1.301,-1.35,-1.392,-1.426,-1.453,-1.471,-1.481,-1.483,-1.476,-1.461,-1.438,-1.407,-1.368,-1.321,-1.268
-0.802,-0.713,-0.621,-0.525,-0.428,-0.329,-0.229,-0.129,-0.03,0.068,0.165,0.258,0.348,0.434,0.516,0.593,0.664,0.729,0.788,0.839,0.883,0.92,0.949,0.969,0.982,0.986,0.982,0.969,0.949,0.92,0.883,0.839,0.788,0.729,0.664,0.593,0.516,0.434,0.348,0.258,0.165,0.068,-0.03,-0.129,-0.229,-0.329,-0.428,-0.525,-0.621,-0.713,-0.802,-0.887,-0.968,-1.043,-1.112,-1.175,-1.232,-1.281,-1.323,-1.357,-1.384,-1.402,-1.412,-1.414,-1.407,-1.392,-1.369,-1.338,-1.299,-1.252,-1.199
-0.732,-0.643,-0.55,-0.455,-0.358,-0.258,-0.159,-0.059,0.041,0.139,0.235,0.328,0.418,0.505,0.587,0.663,0.734,0.799,0.858,0.909,0.954,0.99,1.019,1.04,1.052,1.056,1.052,1.04,1.019,0.99,0.954,0.909,0.858,0.799,0.734,0.663,0.587,0.505,0.418,0.328,0.235,0.139,0.041,-0.059,-0.159,-0.258,-0.358,-0.455,-0.55,-0.643,-0.732,-0.817,-0.897,-0.973,-1.042,-1.105,-1.161,-1.211,-1.253,-1.287,-1.313,-1.332,-1.342,-1.343,-1.337,-1.322,-1.299,-1.267,-1.228,-1.182,-1.128
-0.661,-0.572,-0.479,-0.384,-0.287,-0.187,-0.088,0.012,0.112,0.21,0.306,0.399,0.489,0.576,0.658,0.734,0.805,0.87,0.929,0.98,1.025,1.061,1.09,1.111,1.123,1.127,1.123,1.111,1.09,1.061,1.025,0.98,0.929,0.87,0.805,0.734,0.658,0.576,0.489,0.399,0.306,0.21,0.112,0.012,-0.088,-0.187,-0.287,-0.384,-0.479,-0.572,-0.661,-0.746,-0.826,-0.902,-0.971,-1.034,-1.09,-1.14,-1.182,-1.216,-1.242,-1.261,-1.271,-1.272,-1.266,-1.251,-1.228,-1.196,-1.157,-1.111,-1.057
-0.59,-0.501,-0.408,-0.313,-0.215,-0.116,-0.016,0.084,0.183,0.281,0.377,0.471,0.561,0.647,0.729,0.806,0.877,0.942,1,1.052,1.096,1.133,1.161,1.182,1.195,1.199,1.195,1.182,1.161,1.133,1.096,1.052,1,0.942,0.877,0.806,0.729,0.647,0.561,0.471,0.377,0.281,0.183,0.084,-0.016,-0.116,-0.215,-0.313,-0.408,-0.501,-0.59,-0.675,-0.755,-0.83,-0.9,-0.963,-1.019,-1.068,-1.11,-1.145,-1.171,-1.189,-1.199,-1.201,-1.194,-1.179,-1.156,-1.125,-1.086,-1.04,-0.986
-0.518,-0.429,-0.337,-0.241,-0.144,-0.045,0.055,0.155,0.254,0.352,0.448,0.542,0.632,0.718,0.8,0.877,0.948,1.013,1.072,1.123,1.167,1.204,1.233,1.253,1.266,1.27,1.266,1.253,1.233,1.204,1.167,1.123,1.072,1.013,0.948,0.877,0.8,0.718,0.632,0.542,0.448,0.352,0.254,0.155,0.055,-0.045,-0.144,-0.241,-0.337,-0.429,-0.518,-0.603,-0.684,-0.759,-0.828,-0.891,-0.948,-0.997,-1.039,-1.073,-1.1,-1.118,-1.128,-1.13,-1.123,-1.108,-1.085,-1.054,-1.015,-0.968,-0.915
-0.447,-0.358,-0.266,-0.17,-0.073,0.026,0.126,0.226,0.325,0.423,0.52,0.613,0.703,0.789,0.871,0.948,1.019,1.084,1.143,1.194,1.238,1.275,1.304,1.324,1.337,1.341,1.337,1.324,1.304,1.275,1.238,1.194,1.143,1.084,1.019,0.948,0.871,0.789,0.703,0.613,0.52,0.423,0.325,0.226,0.126,0.026,-0.073,-0.17,-0.266,-0.358,-0.447,-0.532,-0.613,-0.688,-0.757,-0.82,-0.877,-0.926,-0.968,-1.002,-1.029,-1.047,-1.057,-1.059,-1.052,-1.037,-1.014,-0.983,-0.944,-0.897,-0.844
-0.377,-0.288,-0.195,-0.1,-0.002,0.097,0.196,0.296,0.396,0.494,0.59,0.683,0.773,0.86,0.942,1.018,1.089,1.154,1.213,1.265,1.309,1.345,1.374,1.395,1.407,1.411,1.407,1.395,1.374,1.345,1.309,1.265,1.213,1.154,1.089,1.018,0.942,0.86,0.773,0.683,0.59,0.494,0.396,0.296,0.196,0.097,-0.002,-0.1,-0.195,-0.288,-0.377,-0.462,-0.542,-0.617,-0.687,-0.75,-0.806,-0.856,-0.898,-0.932,-0.958,-0.977,-0.987,-0.988,-0.982,-0.967,-0.943,-0.912,-0.873,-0.827,-0.773
-0.308,-0.219,-0.126,-0.031,0.067,0.166,0.266,0.366,0.465,0.563,0.659,0.752,0.843,0.929,1.011,1.088,1.159,1.224,1.282,1.334,1.378,1.415,1.443,1.464,1.476,1.481,1.476,1.464,1.443,1.415,1.378,1.334,1.282,1.224,1.159,1.088,1.011,0.929,0.843,0.752,0.659,0.563,0.465,0.366,0.266,0.166,0.067,-0.031,-0.126,-0.219,-0.308,-0.393,-0.473,-0.548,-0.618,-0.681,-0.737,-0.787,-0.829,-0.863,-0.889,-0.907,-0.917,-0.919,-0.912,-0.897,-0.874,-0.843,-0.804,-0.758,-0.704
-0.24,-0.151,-0.058,0.037,0.135,0.234,0.333,0.433,0.533,0.631,0.727,0.82,0.91,0.997,1.079,1.155,1.226,1.291,1.35,1.402,1.446,1.482,1.511,1.532,1.544,1.548,1.544,1.532,1.511,1.482,1.446,1.402,1.35,1.291,1.226,1.155,1.079,0.997,0.91,0.82,0.727,0.631,0.533,0.433,0.333,0.234,0.135,0.037,-0.058,-0.151,-0.24,-0.325,-0.405,-0.48,-0.55,-0.613,-0.669,-0.719,-0.761,-0.795,-0.821,-0.84,-0.85,-0.851,-0.845,-0.83,-0.806,-0.775,-0.736,-0.69,-0.636
-0.174,-0.085,0.008,0.103,0.201,0.3,0.399,0.499,0.599,0.697,0.793,0.886,0.976,1.063,1.145,1.221,1.292,1.357,1.416,1.468,1.512,1.548,1.577,1.598,1.61,1.614,1.61,1.598,1.577,1.548,1.512,1.468,1.416,1.357,1.292,1.221,1.145,1.063,0.976,0.886,0.793,0.697,0.599,0.499,0.399,0.3,0.201,0.103,0.008,-0.085,-0.174,-0.259,-0.339,-0.414,-0.484,-0.547,-0.603,-0.653,-0.695,-0.729,-0.755,-0.774,-0.784,-0.785,-0.779,-0.764,-0.74,-0.709,-0.67,-0.624,-0.57
